{
  "header": {
    "ID": "Liu2020/Case2b/variable_base_xyz_any_rot/Schunk_IWB_Maho_DMU_50_1",
    "version": "2022",
    "taskName": "Liu2020_Case2_Schunk_IWB_Maho_DMU_50_1",
    "tags": [
      "Liu 2020",
      "Synthetic",
      "Flexible base xyz",
      "Any base rotation",
      "Case 2",
      "Dexterity",
      "real",
      "base pose optimization 2024",
      "BPO24",
      "Schunk",
      "IWB_Maho_DMU_50"
    ],
    "date": "2023-03-01",
    "timeStepSize": 0.01,
    "gravity": [ 0.0, 0.0, -9.81 ],
    "author": [
      "Matthias Mayer"
    ],
    "email": [
      "matthias.mayer@tum.de"
    ],
    "affiliation": [
      "Technical University of Munich"
    ]
  },
  "constraints": [
    {
      "type": "selfCollisionFree"
    },
    {
      "type": "basePlacement",
      "pose": {
        "nominal": [
          [ 1.0, 0.0, 0.0, 0.0 ],
          [ 0.0, 1.0, 0.0, 0.0 ],
          [ 0.0, 0.0, 1.0, 0.0 ],
          [ 0.0, 0.0, 0.0, 1.0 ]
        ],
        "toleranceProjection": [
          "x",
          "y",
          "z"        ],
        "tolerance": [
          [ -1.0, 1.0 ],
          [ -1.0, 1.0 ],
          [ -1.0, 1.0 ]
        ]
      }
    },
    {
      "type": "collisionFree"
    },
    {
      "type": "joint",
      "parts": [
        "q",
        "tau"
      ]
    },
    {
      "type": "allGoalsFulfilledInOrder",
      "order": [
        "0",
        "1",
        "2",
        "3"
      ]
    }
  ],
  "obstacles": [
    {
      "ID": "machine",
      "name": null,
      "collision": [
        {
          "type": "mesh",
          "parameters": {
            "file": "assets/IWB Maho DMU 50_only_collision.stl",
            "scale": [ 1.0, 1.0, 1.0 ]
          },
          "pose": [
            [ 1.0, 0.0, 0.0, -5.1 ],
            [ 0.0, 1.0, 0.0, -3.2 ],
            [ 0.0, 0.0, 1.0, -1.0 ],
            [ 0.0, 0.0, 0.0, 1.0 ]
          ]
        }
      ],
      "visual": [
        {
          "type": "mesh",
          "parameters": {
            "file": "assets/IWB Maho DMU 50_only.ply",
            "scale": [ 1.0, 1.0, 1.0 ]
          },
          "pose": [
            [ 1.0, 0.0, 0.0, -5.1 ],
            [ 0.0, 1.0, 0.0, -3.2 ],
            [ 0.0, 0.0, 1.0, -1.0 ],
            [ 0.0, 0.0, 0.0, 1.0 ]
          ]
        }
      ]
    }
  ],
  "goals": [
    {
      "ID": "0",
      "type": "reach",
      "constraints": [],
      "goalPose": {
        "nominal": [
          [ -0.9880109056001489, 0.05649908859145475, 0.14367429625200345, -0.17473912053664192 ],
          [ 0.003454663002648073, -0.9223047847865335, 0.386447860989557, -0.1280891576612092 ],
          [ 0.1543454428180879, 0.38231104737922594, 0.9110520003452534, -0.19282816427053842 ],
          [ 0.0, 0.0, 0.0, 1.0 ]
        ],
        "toleranceProjection": [
          "x",
          "y",
          "z",
          "Theta_R"
        ],
        "tolerance": [
          [ -0.001, 0.001 ],
          [ -0.001, 0.001 ],
          [ -0.001, 0.001 ],
          [ 0, 0.008726646259971549 ]
        ]
      }
    },
    {
      "ID": "1",
      "type": "reach",
      "constraints": [],
      "goalPose": {
        "nominal": [
          [ 0.3299829080096217, 0.9284682357655439, -0.1704641182065353, -0.07106784346426959 ],
          [ 0.07415610734961878, 0.15452477049670554, 0.9852019930175194, 0.30840845076775636 ],
          [ 0.9410696850734621, -0.33774077408177794, -0.017861057034118524, 0.3667230343253279 ],
          [ 0.0, 0.0, 0.0, 1.0 ]
        ],
        "toleranceProjection": [
          "x",
          "y",
          "z",
          "Theta_R"
        ],
        "tolerance": [
          [ -0.001, 0.001 ],
          [ -0.001, 0.001 ],
          [ -0.001, 0.001 ],
          [ 0, 0.008726646259971549 ]
        ]
      }
    },
    {
      "ID": "2",
      "type": "reach",
      "constraints": [],
      "goalPose": {
        "nominal": [
          [ -0.8472671016265408, -0.29770149154788217, -0.43990030737830466, 0.1722433703336834 ],
          [ -0.4392431044674519, -0.07299145117132338, 0.8953980920426956, 0.3181506174718808 ],
          [ -0.2986703093364921, 0.9518645229159823, -0.06892007207464035, -0.05375798035478071 ],
          [ 0.0, 0.0, 0.0, 1.0 ]
        ],
        "toleranceProjection": [
          "x",
          "y",
          "z",
          "Theta_R"
        ],
        "tolerance": [
          [ -0.001, 0.001 ],
          [ -0.001, 0.001 ],
          [ -0.001, 0.001 ],
          [ 0, 0.008726646259971549 ]
        ]
      }
    },
    {
      "ID": "3",
      "type": "reach",
      "constraints": [],
      "goalPose": {
        "nominal": [
          [ -0.0620963329027954, 0.9817632635393471, -0.1796801040866672, -0.16013381270919436 ],
          [ 0.49571917776134033, 0.18659015979134838, 0.8482019860084385, 0.3921609327151334 ],
          [ 0.8662600892570578, -0.036400640565922515, -0.4982654424368047, 0.032945448887409856 ],
          [ 0.0, 0.0, 0.0, 1.0 ]
        ],
        "toleranceProjection": [
          "x",
          "y",
          "z",
          "Theta_R"
        ],
        "tolerance": [
          [ -0.001, 0.001 ],
          [ -0.001, 0.001 ],
          [ -0.001, 0.001 ],
          [ 0, 0.008726646259971549 ]
        ]
      }
    }
  ]
}
