{
  "header": {
    "ID": "Liu2020/Case2b/variable_base_xyz_any_rot/Schunk_IWB_CTX_300_linear_1",
    "version": "2022",
    "taskName": "Liu2020_Case2_Schunk_IWB_CTX_300_linear_1",
    "tags": [
      "Liu 2020",
      "Synthetic",
      "Flexible base xyz",
      "Any base rotation",
      "Case 2",
      "Dexterity",
      "real",
      "base pose optimization 2024",
      "BPO24",
      "Schunk",
      "IWB_CTX_300_linear"
    ],
    "date": "2023-03-01",
    "timeStepSize": 0.01,
    "gravity": [ 0.0, 0.0, -9.81 ],
    "author": [
      "Matthias Mayer"
    ],
    "email": [
      "matthias.mayer@tum.de"
    ],
    "affiliation": [
      "Technical University of Munich"
    ]
  },
  "constraints": [
    {
      "type": "selfCollisionFree"
    },
    {
      "type": "basePlacement",
      "pose": {
        "nominal": [
          [ 1.0, 0.0, 0.0, 0.0 ],
          [ 0.0, 1.0, 0.0, 0.0 ],
          [ 0.0, 0.0, 1.0, 0.0 ],
          [ 0.0, 0.0, 0.0, 1.0 ]
        ],
        "toleranceProjection": [
          "x",
          "y",
          "z"        ],
        "tolerance": [
          [ -1.0, 1.0 ],
          [ -1.0, 1.0 ],
          [ -1.0, 1.0 ]
        ]
      }
    },
    {
      "type": "collisionFree"
    },
    {
      "type": "joint",
      "parts": [
        "q",
        "tau"
      ]
    },
    {
      "type": "allGoalsFulfilledInOrder",
      "order": [
        "0",
        "1",
        "2",
        "3"
      ]
    }
  ],
  "obstacles": [
    {
      "ID": "machine",
      "name": null,
      "collision": [
        {
          "type": "mesh",
          "parameters": {
            "file": "assets/IWB CTX 300 linear Gildemeister_collision.stl",
            "scale": [ 1.0, 1.0, 1.0 ]
          },
          "pose": [
            [ 1.0, 0.0, 0.0, -1.6 ],
            [ 0.0, 1.0, 0.0, -1.15 ],
            [ 0.0, 0.0, 1.0, -1.0 ],
            [ 0.0, 0.0, 0.0, 1.0 ]
          ]
        }
      ],
      "visual": [
        {
          "type": "mesh",
          "parameters": {
            "file": "assets/IWB CTX 300 linear Gildemeister.ply",
            "scale": [ 1.0, 1.0, 1.0 ]
          },
          "pose": [
            [ 1.0, 0.0, 0.0, -1.6 ],
            [ 0.0, 1.0, 0.0, -1.15 ],
            [ 0.0, 0.0, 1.0, -1.0 ],
            [ 0.0, 0.0, 0.0, 1.0 ]
          ]
        }
      ]
    }
  ],
  "goals": [
    {
      "ID": "0",
      "type": "reach",
      "constraints": [],
      "goalPose": {
        "nominal": [
          [ -0.7145971130586327, 0.6924757327514873, 0.09913791181257767, 0.08574925197701169 ],
          [ 0.16670120343423087, 0.030934800772812625, 0.9855220681825069, 0.8795951281966818 ],
          [ 0.6793833047564879, 0.7207776339839058, -0.13754245732396964, 0.021047612554936382 ],
          [ 0.0, 0.0, 0.0, 1.0 ]
        ],
        "toleranceProjection": [
          "x",
          "y",
          "z",
          "Theta_R"
        ],
        "tolerance": [
          [ -0.001, 0.001 ],
          [ -0.001, 0.001 ],
          [ -0.001, 0.001 ],
          [ 0, 0.008726646259971549 ]
        ]
      }
    },
    {
      "ID": "1",
      "type": "reach",
      "constraints": [],
      "goalPose": {
        "nominal": [
          [ 0.6747142072701338, 0.10774680311194745, 0.73017214746044, 0.16559907440953164 ],
          [ 0.7341108493472945, 0.004480165376977707, -0.6790148665447534, -0.7829247291567221 ],
          [ -0.07643297310996855, 0.9941682727473002, -0.07607526591620085, 0.274778822590406 ],
          [ 0.0, 0.0, 0.0, 1.0 ]
        ],
        "toleranceProjection": [
          "x",
          "y",
          "z",
          "Theta_R"
        ],
        "tolerance": [
          [ -0.001, 0.001 ],
          [ -0.001, 0.001 ],
          [ -0.001, 0.001 ],
          [ 0, 0.008726646259971549 ]
        ]
      }
    },
    {
      "ID": "2",
      "type": "reach",
      "constraints": [],
      "goalPose": {
        "nominal": [
          [ -0.991354483913367, 0.05893473131108229, -0.11723047671212658, -0.24070624958229286 ],
          [ -0.02596011702213591, 0.7876912713439392, 0.6155229755035679, 0.6463190672909142 ],
          [ 0.1286171044187317, 0.6132447786111673, -0.7793513212647306, -0.197211515295422 ],
          [ 0.0, 0.0, 0.0, 1.0 ]
        ],
        "toleranceProjection": [
          "x",
          "y",
          "z",
          "Theta_R"
        ],
        "tolerance": [
          [ -0.001, 0.001 ],
          [ -0.001, 0.001 ],
          [ -0.001, 0.001 ],
          [ 0, 0.008726646259971549 ]
        ]
      }
    },
    {
      "ID": "3",
      "type": "reach",
      "constraints": [],
      "goalPose": {
        "nominal": [
          [ -0.06366513441061387, 0.9448220172169162, -0.32133799408509967, -0.0038115682252823704 ],
          [ 0.9130609307047345, -0.07482301562106845, -0.4009005526985128, -0.6740846292302881 ],
          [ -0.4028231466550578, -0.31892455552297383, -0.8579164530438796, 0.18418464041706778 ],
          [ 0.0, 0.0, 0.0, 1.0 ]
        ],
        "toleranceProjection": [
          "x",
          "y",
          "z",
          "Theta_R"
        ],
        "tolerance": [
          [ -0.001, 0.001 ],
          [ -0.001, 0.001 ],
          [ -0.001, 0.001 ],
          [ 0, 0.008726646259971549 ]
        ]
      }
    }
  ]
}
