{
  "header": {
    "ID": "Liu2020/Case2b/variable_base_xyz_any_rot/Schunk_MAZAK_VTC_20C_1",
    "version": "2022",
    "taskName": "Liu2020_Case2_Schunk_MAZAK_VTC_20C_1",
    "tags": [
      "Liu 2020",
      "Synthetic",
      "Flexible base xyz",
      "Any base rotation",
      "Case 2",
      "Dexterity",
      "real",
      "base pose optimization 2024",
      "BPO24",
      "Schunk",
      "MAZAK_VTC_20C"
    ],
    "date": "2023-03-01",
    "timeStepSize": 0.01,
    "gravity": [ 0.0, 0.0, -9.81 ],
    "author": [
      "Matthias Mayer"
    ],
    "email": [
      "matthias.mayer@tum.de"
    ],
    "affiliation": [
      "Technical University of Munich"
    ]
  },
  "constraints": [
    {
      "type": "selfCollisionFree"
    },
    {
      "type": "basePlacement",
      "pose": {
        "nominal": [
          [ 1.0, 0.0, 0.0, 0.0 ],
          [ 0.0, 1.0, 0.0, 0.0 ],
          [ 0.0, 0.0, 1.0, 0.0 ],
          [ 0.0, 0.0, 0.0, 1.0 ]
        ],
        "toleranceProjection": [
          "x",
          "y",
          "z"        ],
        "tolerance": [
          [ -1.0, 1.0 ],
          [ -1.0, 1.0 ],
          [ -1.0, 1.0 ]
        ]
      }
    },
    {
      "type": "collisionFree"
    },
    {
      "type": "joint",
      "parts": [
        "q",
        "tau"
      ]
    },
    {
      "type": "allGoalsFulfilledInOrder",
      "order": [
        "0",
        "1",
        "2",
        "3"
      ]
    }
  ],
  "obstacles": [
    {
      "ID": "machine",
      "name": null,
      "collision": [
        {
          "type": "mesh",
          "parameters": {
            "file": "assets/MAZAK_VTC_20C.stl",
            "scale": [ 0.001, 0.001, 0.001 ]
          },
          "pose": [
            [ 1.0, 0.0, 0.0, 1.0 ],
            [ 0.0, 6.123233995736766e-17, -1.0, 0.75 ],
            [ 0.0, 1.0, 6.123233995736766e-17, 0.0 ],
            [ 0.0, 0.0, 0.0, 1.0 ]
          ]
        }
      ]
    }
  ],
  "goals": [
    {
      "ID": "0",
      "type": "reach",
      "constraints": [],
      "goalPose": {
        "nominal": [
          [ 0.2895566641153546, 0.30952346627610317, -0.9057329419264895, -0.29041081515911005 ],
          [ -0.5984113092201842, 0.7970755553737051, 0.08108306865853342, -0.03634159191865819 ],
          [ 0.7470347001738091, 0.5185226927050786, 0.41602088155055605, 0.8131673666444731 ],
          [ 0.0, 0.0, 0.0, 1.0 ]
        ],
        "toleranceProjection": [
          "x",
          "y",
          "z",
          "Theta_R"
        ],
        "tolerance": [
          [ -0.001, 0.001 ],
          [ -0.001, 0.001 ],
          [ -0.001, 0.001 ],
          [ 0, 0.008726646259971549 ]
        ]
      }
    },
    {
      "ID": "1",
      "type": "reach",
      "constraints": [],
      "goalPose": {
        "nominal": [
          [ -0.6188868285494615, 0.7249902371647434, 0.3022718138758539, 0.2773623729779606 ],
          [ -0.1862045905053846, -0.5092689231727123, 0.8402220030237416, 0.7142323964000368 ],
          [ 0.7630903904012366, 0.46371793140476614, 0.4501763389728218, 0.48197903015055876 ],
          [ 0.0, 0.0, 0.0, 1.0 ]
        ],
        "toleranceProjection": [
          "x",
          "y",
          "z",
          "Theta_R"
        ],
        "tolerance": [
          [ -0.001, 0.001 ],
          [ -0.001, 0.001 ],
          [ -0.001, 0.001 ],
          [ 0, 0.008726646259971549 ]
        ]
      }
    },
    {
      "ID": "2",
      "type": "reach",
      "constraints": [],
      "goalPose": {
        "nominal": [
          [ -0.6686767660069894, -0.7377498536288611, -0.09271750683138406, -0.021615934966742252 ],
          [ 0.27488488059641936, -0.36113546479581105, 0.8910777061997489, 0.21020539058869567 ],
          [ -0.6908760272450668, 0.5703563180480317, 0.4442791751148894, 0.8318058838549197 ],
          [ 0.0, 0.0, 0.0, 1.0 ]
        ],
        "toleranceProjection": [
          "x",
          "y",
          "z",
          "Theta_R"
        ],
        "tolerance": [
          [ -0.001, 0.001 ],
          [ -0.001, 0.001 ],
          [ -0.001, 0.001 ],
          [ 0, 0.008726646259971549 ]
        ]
      }
    },
    {
      "ID": "3",
      "type": "reach",
      "constraints": [],
      "goalPose": {
        "nominal": [
          [ -0.5210476818911772, 0.8409124680934668, -0.1462037420888551, 0.09120923012728897 ],
          [ -0.6078970473452056, -0.4858553590621856, -0.6280173165602488, 0.45531204308789947 ],
          [ -0.5991414632829309, -0.23835014385460038, 0.7643420150035451, 0.489005653166897 ],
          [ 0.0, 0.0, 0.0, 1.0 ]
        ],
        "toleranceProjection": [
          "x",
          "y",
          "z",
          "Theta_R"
        ],
        "tolerance": [
          [ -0.001, 0.001 ],
          [ -0.001, 0.001 ],
          [ -0.001, 0.001 ],
          [ 0, 0.008726646259971549 ]
        ]
      }
    }
  ]
}
