{
  "header": {
    "ID": "Liu2020/Case2b/variable_base_xyz_any_rot/Schunk_MAZAK_VTC_20C_0",
    "version": "2022",
    "taskName": "Liu2020_Case2_Schunk_MAZAK_VTC_20C_0",
    "tags": [
      "Liu 2020",
      "Synthetic",
      "Flexible base xyz",
      "Any base rotation",
      "Case 2",
      "Dexterity",
      "real",
      "base pose optimization 2024",
      "BPO24",
      "Schunk",
      "MAZAK_VTC_20C"
    ],
    "date": "2023-03-01",
    "timeStepSize": 0.01,
    "gravity": [ 0.0, 0.0, -9.81 ],
    "author": [
      "Matthias Mayer"
    ],
    "email": [
      "matthias.mayer@tum.de"
    ],
    "affiliation": [
      "Technical University of Munich"
    ]
  },
  "constraints": [
    {
      "type": "selfCollisionFree"
    },
    {
      "type": "basePlacement",
      "pose": {
        "nominal": [
          [ 1.0, 0.0, 0.0, 0.0 ],
          [ 0.0, 1.0, 0.0, 0.0 ],
          [ 0.0, 0.0, 1.0, 0.0 ],
          [ 0.0, 0.0, 0.0, 1.0 ]
        ],
        "toleranceProjection": [
          "x",
          "y",
          "z"        ],
        "tolerance": [
          [ -1.0, 1.0 ],
          [ -1.0, 1.0 ],
          [ -1.0, 1.0 ]
        ]
      }
    },
    {
      "type": "collisionFree"
    },
    {
      "type": "joint",
      "parts": [
        "q",
        "tau"
      ]
    },
    {
      "type": "allGoalsFulfilledInOrder",
      "order": [
        "0",
        "1",
        "2",
        "3"
      ]
    }
  ],
  "obstacles": [
    {
      "ID": "machine",
      "name": null,
      "collision": [
        {
          "type": "mesh",
          "parameters": {
            "file": "assets/MAZAK_VTC_20C.stl",
            "scale": [ 0.001, 0.001, 0.001 ]
          },
          "pose": [
            [ 1.0, 0.0, 0.0, 1.0 ],
            [ 0.0, 6.123233995736766e-17, -1.0, 0.75 ],
            [ 0.0, 1.0, 6.123233995736766e-17, 0.0 ],
            [ 0.0, 0.0, 0.0, 1.0 ]
          ]
        }
      ]
    }
  ],
  "goals": [
    {
      "ID": "0",
      "type": "reach",
      "constraints": [],
      "goalPose": {
        "nominal": [
          [ -0.9282567773969191, -0.21421355451159174, -0.30405905393557364, -0.03992919947154016 ],
          [ 0.13488467897526318, -0.955723276422303, 0.2615322968246156, -0.41623786928170114 ],
          [ -0.3466200781755537, 0.20175621915600989, 0.9160507351874378, 0.31754833011988914 ],
          [ 0.0, 0.0, 0.0, 1.0 ]
        ],
        "toleranceProjection": [
          "x",
          "y",
          "z",
          "Theta_R"
        ],
        "tolerance": [
          [ -0.001, 0.001 ],
          [ -0.001, 0.001 ],
          [ -0.001, 0.001 ],
          [ 0, 0.008726646259971549 ]
        ]
      }
    },
    {
      "ID": "1",
      "type": "reach",
      "constraints": [],
      "goalPose": {
        "nominal": [
          [ 0.44271482713508653, 0.3226685067388487, -0.8365934595690263, -0.079143289228599 ],
          [ 0.7710465055311325, -0.613248964428952, 0.17150216889312714, 0.5968007742920448 ],
          [ -0.4577017239895206, -0.720979016605712, -0.5202868338438724, 0.2877032773420538 ],
          [ 0.0, 0.0, 0.0, 1.0 ]
        ],
        "toleranceProjection": [
          "x",
          "y",
          "z",
          "Theta_R"
        ],
        "tolerance": [
          [ -0.001, 0.001 ],
          [ -0.001, 0.001 ],
          [ -0.001, 0.001 ],
          [ 0, 0.008726646259971549 ]
        ]
      }
    },
    {
      "ID": "2",
      "type": "reach",
      "constraints": [],
      "goalPose": {
        "nominal": [
          [ -0.7088183004996165, -0.14338917993600991, -0.6906635649533817, -0.4513126426382762 ],
          [ -0.1530967185808529, 0.9870543829229452, -0.0478020910879319, -0.31779926940737674 ],
          [ 0.6885768015527467, 0.07185532847244072, -0.7215946231323422, -0.02493590677097772 ],
          [ 0.0, 0.0, 0.0, 1.0 ]
        ],
        "toleranceProjection": [
          "x",
          "y",
          "z",
          "Theta_R"
        ],
        "tolerance": [
          [ -0.001, 0.001 ],
          [ -0.001, 0.001 ],
          [ -0.001, 0.001 ],
          [ 0, 0.008726646259971549 ]
        ]
      }
    },
    {
      "ID": "3",
      "type": "reach",
      "constraints": [],
      "goalPose": {
        "nominal": [
          [ 0.9310039541834604, 0.25614731887856695, -0.2600388208058229, 0.08398401739116182 ],
          [ 0.36174387804234853, -0.5524151259286079, 0.7509852830409947, 0.4206294280893416 ],
          [ 0.04871348882643725, -0.7932377195246091, -0.6069603910715711, 0.24924357941210823 ],
          [ 0.0, 0.0, 0.0, 1.0 ]
        ],
        "toleranceProjection": [
          "x",
          "y",
          "z",
          "Theta_R"
        ],
        "tolerance": [
          [ -0.001, 0.001 ],
          [ -0.001, 0.001 ],
          [ -0.001, 0.001 ],
          [ 0, 0.008726646259971549 ]
        ]
      }
    }
  ]
}
