{
  "header": {
    "ID": "Liu2020/Case2b/variable_base_xyz_any_rot/Schunk_IWB_Hermle_UWF_900_0",
    "version": "2022",
    "taskName": "Liu2020_Case2_Schunk_IWB_Hermle_UWF_900_0",
    "tags": [
      "Liu 2020",
      "Synthetic",
      "Flexible base xyz",
      "Any base rotation",
      "Case 2",
      "Dexterity",
      "real",
      "base pose optimization 2024",
      "BPO24",
      "Schunk",
      "IWB_Hermle_UWF_900"
    ],
    "date": "2023-03-01",
    "timeStepSize": 0.01,
    "gravity": [ 0.0, 0.0, -9.81 ],
    "author": [
      "Matthias Mayer"
    ],
    "email": [
      "matthias.mayer@tum.de"
    ],
    "affiliation": [
      "Technical University of Munich"
    ]
  },
  "constraints": [
    {
      "type": "selfCollisionFree"
    },
    {
      "type": "basePlacement",
      "pose": {
        "nominal": [
          [ 1.0, 0.0, 0.0, 0.0 ],
          [ 0.0, 1.0, 0.0, 0.0 ],
          [ 0.0, 0.0, 1.0, 0.0 ],
          [ 0.0, 0.0, 0.0, 1.0 ]
        ],
        "toleranceProjection": [
          "x",
          "y",
          "z"        ],
        "tolerance": [
          [ -1.0, 1.0 ],
          [ -1.0, 1.0 ],
          [ -1.0, 1.0 ]
        ]
      }
    },
    {
      "type": "collisionFree"
    },
    {
      "type": "joint",
      "parts": [
        "q",
        "tau"
      ]
    },
    {
      "type": "allGoalsFulfilledInOrder",
      "order": [
        "0",
        "1",
        "2",
        "3"
      ]
    }
  ],
  "obstacles": [
    {
      "ID": "machine",
      "name": null,
      "collision": [
        {
          "type": "mesh",
          "parameters": {
            "file": "assets/IWB Hermle UWF 900_only_collision.stl",
            "scale": [ 1.0, 1.0, 1.0 ]
          },
          "pose": [
            [ 1.0, 0.0, 0.0, -1.7 ],
            [ 0.0, 1.0, 0.0, -3.1 ],
            [ 0.0, 0.0, 1.0, -1.0 ],
            [ 0.0, 0.0, 0.0, 1.0 ]
          ]
        }
      ],
      "visual": [
        {
          "type": "mesh",
          "parameters": {
            "file": "assets/IWB Hermle UWF 900_only.ply",
            "scale": [ 1.0, 1.0, 1.0 ]
          },
          "pose": [
            [ 1.0, 0.0, 0.0, -1.7 ],
            [ 0.0, 1.0, 0.0, -3.1 ],
            [ 0.0, 0.0, 1.0, -1.0 ],
            [ 0.0, 0.0, 0.0, 1.0 ]
          ]
        }
      ]
    }
  ],
  "goals": [
    {
      "ID": "0",
      "type": "reach",
      "constraints": [],
      "goalPose": {
        "nominal": [
          [ 0.7102631253691449, 0.677462902301862, 0.1912336496163581, 0.13478134938989988 ],
          [ -0.6563233957009148, 0.735531093205992, -0.16802860227597807, -0.16731251685879106 ],
          [ -0.2544914399277008, -0.006166598084541834, 0.9670553655668268, -0.07211313723463986 ],
          [ 0.0, 0.0, 0.0, 1.0 ]
        ],
        "toleranceProjection": [
          "x",
          "y",
          "z",
          "Theta_R"
        ],
        "tolerance": [
          [ -0.001, 0.001 ],
          [ -0.001, 0.001 ],
          [ -0.001, 0.001 ],
          [ 0, 0.008726646259971549 ]
        ]
      }
    },
    {
      "ID": "1",
      "type": "reach",
      "constraints": [],
      "goalPose": {
        "nominal": [
          [ 0.7636188923630128, 0.031012569938048684, -0.6449220167835201, -0.181641717183365 ],
          [ 0.6453201909152089, -0.003913111263420532, 0.7639021787882259, 0.5842579575995024 ],
          [ 0.02116691813759425, -0.9995113346361199, -0.02300116324185939, 0.23729975040248677 ],
          [ 0.0, 0.0, 0.0, 1.0 ]
        ],
        "toleranceProjection": [
          "x",
          "y",
          "z",
          "Theta_R"
        ],
        "tolerance": [
          [ -0.001, 0.001 ],
          [ -0.001, 0.001 ],
          [ -0.001, 0.001 ],
          [ 0, 0.008726646259971549 ]
        ]
      }
    },
    {
      "ID": "2",
      "type": "reach",
      "constraints": [],
      "goalPose": {
        "nominal": [
          [ -0.9735869902924893, -0.04186252115526082, 0.22444576551081988, 0.00222748304798126 ],
          [ -0.19488224557968808, -0.3597890188473848, -0.9124542576341318, -0.41594689820274733 ],
          [ 0.11895075742100478, -0.9320940892631824, 0.34212764587154854, 0.2716449398090386 ],
          [ 0.0, 0.0, 0.0, 1.0 ]
        ],
        "toleranceProjection": [
          "x",
          "y",
          "z",
          "Theta_R"
        ],
        "tolerance": [
          [ -0.001, 0.001 ],
          [ -0.001, 0.001 ],
          [ -0.001, 0.001 ],
          [ 0, 0.008726646259971549 ]
        ]
      }
    },
    {
      "ID": "3",
      "type": "reach",
      "constraints": [],
      "goalPose": {
        "nominal": [
          [ 0.6817056961143281, 0.7290259277629185, -0.061632301066040236, -0.23163935657436302 ],
          [ -0.6373936865596923, 0.6331473104679556, 0.43915119444337075, 0.37529283477500625 ],
          [ 0.3591749326151868, -0.2600878311198164, 0.8962966517198788, 0.4755496071844393 ],
          [ 0.0, 0.0, 0.0, 1.0 ]
        ],
        "toleranceProjection": [
          "x",
          "y",
          "z",
          "Theta_R"
        ],
        "tolerance": [
          [ -0.001, 0.001 ],
          [ -0.001, 0.001 ],
          [ -0.001, 0.001 ],
          [ 0, 0.008726646259971549 ]
        ]
      }
    }
  ]
}
