{
  "header": {
    "ID": "Liu2020/Case2b/variable_base_xyz_any_rot/Schunk_IWB_Weiler_E_30_2",
    "version": "2022",
    "taskName": "Liu2020_Case2_Schunk_IWB_Weiler_E_30_2",
    "tags": [
      "Liu 2020",
      "Synthetic",
      "Flexible base xyz",
      "Any base rotation",
      "Case 2",
      "Dexterity",
      "real",
      "base pose optimization 2024",
      "BPO24",
      "Schunk",
      "IWB_Weiler_E_30"
    ],
    "date": "2023-03-01",
    "timeStepSize": 0.01,
    "gravity": [ 0.0, 0.0, -9.81 ],
    "author": [
      "Matthias Mayer"
    ],
    "email": [
      "matthias.mayer@tum.de"
    ],
    "affiliation": [
      "Technical University of Munich"
    ]
  },
  "constraints": [
    {
      "type": "selfCollisionFree"
    },
    {
      "type": "basePlacement",
      "pose": {
        "nominal": [
          [ 1.0, 0.0, 0.0, 0.0 ],
          [ 0.0, 1.0, 0.0, 0.0 ],
          [ 0.0, 0.0, 1.0, 0.0 ],
          [ 0.0, 0.0, 0.0, 1.0 ]
        ],
        "toleranceProjection": [
          "x",
          "y",
          "z"        ],
        "tolerance": [
          [ -1.0, 1.0 ],
          [ -1.0, 1.0 ],
          [ -1.0, 1.0 ]
        ]
      }
    },
    {
      "type": "collisionFree"
    },
    {
      "type": "joint",
      "parts": [
        "q",
        "tau"
      ]
    },
    {
      "type": "allGoalsFulfilledInOrder",
      "order": [
        "0",
        "1",
        "2",
        "3"
      ]
    }
  ],
  "obstacles": [
    {
      "ID": "machine",
      "name": null,
      "collision": [
        {
          "type": "mesh",
          "parameters": {
            "file": "assets/IWB Weiler E 30_collision.stl",
            "scale": [ 1.0, 1.0, 1.0 ]
          },
          "pose": [
            [ 1.0, 0.0, 0.0, -1.25 ],
            [ 0.0, 1.0, 0.0, -1.75 ],
            [ 0.0, 0.0, 1.0, -1.0 ],
            [ 0.0, 0.0, 0.0, 1.0 ]
          ]
        }
      ],
      "visual": [
        {
          "type": "mesh",
          "parameters": {
            "file": "assets/IWB Weiler E 30.ply",
            "scale": [ 1.0, 1.0, 1.0 ]
          },
          "pose": [
            [ 1.0, 0.0, 0.0, -1.25 ],
            [ 0.0, 1.0, 0.0, -1.75 ],
            [ 0.0, 0.0, 1.0, -1.0 ],
            [ 0.0, 0.0, 0.0, 1.0 ]
          ]
        }
      ]
    }
  ],
  "goals": [
    {
      "ID": "0",
      "type": "reach",
      "constraints": [],
      "goalPose": {
        "nominal": [
          [ 0.7747415684965469, -0.1967475830209283, 0.6008875856755017, 0.5261186500174652 ],
          [ -0.23003361402099637, 0.7975176145977723, 0.5577187380989802, 0.45911827461216315 ],
          [ -0.5889482476957971, -0.5703122328880057, 0.5726114900649022, 0.650095219563995 ],
          [ 0.0, 0.0, 0.0, 1.0 ]
        ],
        "toleranceProjection": [
          "x",
          "y",
          "z",
          "Theta_R"
        ],
        "tolerance": [
          [ -0.001, 0.001 ],
          [ -0.001, 0.001 ],
          [ -0.001, 0.001 ],
          [ 0, 0.008726646259971549 ]
        ]
      }
    },
    {
      "ID": "1",
      "type": "reach",
      "constraints": [],
      "goalPose": {
        "nominal": [
          [ 0.6649557712277125, 0.0560671204299049, -0.7447753354654387, -0.43371563731673757 ],
          [ -0.06517598294457587, -0.9890184291912678, -0.13264478115344538, -0.16741657062157422 ],
          [ -0.7440335433017563, 0.13674437731305658, -0.6539992826564094, 0.10026035739241723 ],
          [ 0.0, 0.0, 0.0, 1.0 ]
        ],
        "toleranceProjection": [
          "x",
          "y",
          "z",
          "Theta_R"
        ],
        "tolerance": [
          [ -0.001, 0.001 ],
          [ -0.001, 0.001 ],
          [ -0.001, 0.001 ],
          [ 0, 0.008726646259971549 ]
        ]
      }
    },
    {
      "ID": "2",
      "type": "reach",
      "constraints": [],
      "goalPose": {
        "nominal": [
          [ -0.6443040745305771, 0.5637163632643476, -0.516813429906107, -0.15334619281930695 ],
          [ -0.17998188115026284, -0.7685645698873256, -0.6139340553931854, -0.13642506822081615 ],
          [ -0.7432891644581595, -0.3025431600646897, 0.5966480154137466, 0.886447498933067 ],
          [ 0.0, 0.0, 0.0, 1.0 ]
        ],
        "toleranceProjection": [
          "x",
          "y",
          "z",
          "Theta_R"
        ],
        "tolerance": [
          [ -0.001, 0.001 ],
          [ -0.001, 0.001 ],
          [ -0.001, 0.001 ],
          [ 0, 0.008726646259971549 ]
        ]
      }
    },
    {
      "ID": "3",
      "type": "reach",
      "constraints": [],
      "goalPose": {
        "nominal": [
          [ 0.6781284696043047, 0.030823842755742487, -0.7342967175671512, -0.46505171200597395 ],
          [ -0.06071098120160945, -0.9933559693515496, -0.09776550984463354, -0.32680631851034153 ],
          [ -0.7324315363729647, 0.11087744978764884, -0.6717516175305617, 0.284208404160188 ],
          [ 0.0, 0.0, 0.0, 1.0 ]
        ],
        "toleranceProjection": [
          "x",
          "y",
          "z",
          "Theta_R"
        ],
        "tolerance": [
          [ -0.001, 0.001 ],
          [ -0.001, 0.001 ],
          [ -0.001, 0.001 ],
          [ 0, 0.008726646259971549 ]
        ]
      }
    }
  ]
}
