{
  "header": {
    "ID": "Liu2020/Case2b/variable_base_xyz_any_rot/Schunk_IWB_CTX_300_linear_2",
    "version": "2022",
    "taskName": "Liu2020_Case2_Schunk_IWB_CTX_300_linear_2",
    "tags": [
      "Liu 2020",
      "Synthetic",
      "Flexible base xyz",
      "Any base rotation",
      "Case 2",
      "Dexterity",
      "real",
      "base pose optimization 2024",
      "BPO24",
      "Schunk",
      "IWB_CTX_300_linear"
    ],
    "date": "2023-03-01",
    "timeStepSize": 0.01,
    "gravity": [ 0.0, 0.0, -9.81 ],
    "author": [
      "Matthias Mayer"
    ],
    "email": [
      "matthias.mayer@tum.de"
    ],
    "affiliation": [
      "Technical University of Munich"
    ]
  },
  "constraints": [
    {
      "type": "selfCollisionFree"
    },
    {
      "type": "basePlacement",
      "pose": {
        "nominal": [
          [ 1.0, 0.0, 0.0, 0.0 ],
          [ 0.0, 1.0, 0.0, 0.0 ],
          [ 0.0, 0.0, 1.0, 0.0 ],
          [ 0.0, 0.0, 0.0, 1.0 ]
        ],
        "toleranceProjection": [
          "x",
          "y",
          "z"        ],
        "tolerance": [
          [ -1.0, 1.0 ],
          [ -1.0, 1.0 ],
          [ -1.0, 1.0 ]
        ]
      }
    },
    {
      "type": "collisionFree"
    },
    {
      "type": "joint",
      "parts": [
        "q",
        "tau"
      ]
    },
    {
      "type": "allGoalsFulfilledInOrder",
      "order": [
        "0",
        "1",
        "2",
        "3"
      ]
    }
  ],
  "obstacles": [
    {
      "ID": "machine",
      "name": null,
      "collision": [
        {
          "type": "mesh",
          "parameters": {
            "file": "assets/IWB CTX 300 linear Gildemeister_collision.stl",
            "scale": [ 1.0, 1.0, 1.0 ]
          },
          "pose": [
            [ 1.0, 0.0, 0.0, -1.6 ],
            [ 0.0, 1.0, 0.0, -1.15 ],
            [ 0.0, 0.0, 1.0, -1.0 ],
            [ 0.0, 0.0, 0.0, 1.0 ]
          ]
        }
      ],
      "visual": [
        {
          "type": "mesh",
          "parameters": {
            "file": "assets/IWB CTX 300 linear Gildemeister.ply",
            "scale": [ 1.0, 1.0, 1.0 ]
          },
          "pose": [
            [ 1.0, 0.0, 0.0, -1.6 ],
            [ 0.0, 1.0, 0.0, -1.15 ],
            [ 0.0, 0.0, 1.0, -1.0 ],
            [ 0.0, 0.0, 0.0, 1.0 ]
          ]
        }
      ]
    }
  ],
  "goals": [
    {
      "ID": "0",
      "type": "reach",
      "constraints": [],
      "goalPose": {
        "nominal": [
          [ -0.9455012030293584, 0.3158204692054625, -0.07927740094678665, 0.1406825347762637 ],
          [ -0.01622303480613237, -0.2888541509218067, -0.9572356515701456, -0.12591592456765138 ],
          [ -0.32521421895685165, -0.9037813401072647, 0.27823551366100147, 0.3097381328919469 ],
          [ 0.0, 0.0, 0.0, 1.0 ]
        ],
        "toleranceProjection": [
          "x",
          "y",
          "z",
          "Theta_R"
        ],
        "tolerance": [
          [ -0.001, 0.001 ],
          [ -0.001, 0.001 ],
          [ -0.001, 0.001 ],
          [ 0, 0.008726646259971549 ]
        ]
      }
    },
    {
      "ID": "1",
      "type": "reach",
      "constraints": [],
      "goalPose": {
        "nominal": [
          [ -0.6718597852925775, 0.7119896979002198, -0.20414479907792205, -0.09528640847327657 ],
          [ -0.740199668126351, -0.6553268089415154, 0.15050323846406213, -0.5841614761771095 ],
          [ -0.02662480445470912, 0.2522249860075009, 0.9673022672470403, 0.44193551021887795 ],
          [ 0.0, 0.0, 0.0, 1.0 ]
        ],
        "toleranceProjection": [
          "x",
          "y",
          "z",
          "Theta_R"
        ],
        "tolerance": [
          [ -0.001, 0.001 ],
          [ -0.001, 0.001 ],
          [ -0.001, 0.001 ],
          [ 0, 0.008726646259971549 ]
        ]
      }
    },
    {
      "ID": "2",
      "type": "reach",
      "constraints": [],
      "goalPose": {
        "nominal": [
          [ -0.6268735002012483, 0.6555933567782747, 0.42098333137266786, 0.19654399673476497 ],
          [ 0.14181999817451746, -0.4352885526921719, 0.8890505969926199, 0.8371373915499731 ],
          [ 0.7661048902488585, 0.6170261148795473, 0.17989460996215667, 0.19092098910252764 ],
          [ 0.0, 0.0, 0.0, 1.0 ]
        ],
        "toleranceProjection": [
          "x",
          "y",
          "z",
          "Theta_R"
        ],
        "tolerance": [
          [ -0.001, 0.001 ],
          [ -0.001, 0.001 ],
          [ -0.001, 0.001 ],
          [ 0, 0.008726646259971549 ]
        ]
      }
    },
    {
      "ID": "3",
      "type": "reach",
      "constraints": [],
      "goalPose": {
        "nominal": [
          [ 0.20350799236298922, 0.5077491927958099, -0.8371232013626124, -0.12633141600362913 ],
          [ -0.08080339573599382, -0.8433887868141793, -0.5311931527360261, -0.40206871556937207 ],
          [ -0.9757332157315943, 0.17574444938976047, -0.1306084998258995, 0.16444603472133668 ],
          [ 0.0, 0.0, 0.0, 1.0 ]
        ],
        "toleranceProjection": [
          "x",
          "y",
          "z",
          "Theta_R"
        ],
        "tolerance": [
          [ -0.001, 0.001 ],
          [ -0.001, 0.001 ],
          [ -0.001, 0.001 ],
          [ 0, 0.008726646259971549 ]
        ]
      }
    }
  ]
}
