{
  "header": {
    "ID": "Whitman2020/with_torque/3g_3o/1",
    "version": "2022",
    "taskName": "randomName-HFUfek85PaTh",
    "tags": [
      "3 goals",
      "3 obstacles",
      "static torque",
      "Whitman 2020"
    ],
    "date": "2023-02-26",
    "timeStepSize": 0.01,
    "gravity": [ 0.0, 0.0, -9.81 ],
    "author": [
      "auto-generated: Whitman2020TaskGenerator with seed None",
      "Matthias Mayer"
    ],
    "email": [
      "",
      "matthias.mayer@tum.de"
    ],
    "affiliation": [
      "",
      "Technical University of Munich"
    ]
  },
  "constraints": [
    {
      "type": "joint",
      "parts": [
        "tau"
      ]
    },
    {
      "type": "allGoalsFulfilled"
    },
    {
      "type": "joint",
      "parts": [
        "q"
      ]
    },
    {
      "type": "collisionFree"
    },
    {
      "type": "basePlacement",
      "pose": {
        "nominal": [
          [ 1.0, 0.0, 0.0, 0.0 ],
          [ 0.0, 1.0, 0.0, 0.0 ],
          [ 0.0, 0.0, 1.0, 0.0 ],
          [ 0.0, 0.0, 0.0, 1.0 ]
        ],
        "toleranceProjection": [
          "x",
          "y",
          "z",
          "Theta_R"
        ],
        "tolerance": [
          [ -0.001, 0.001 ],
          [ -0.001, 0.001 ],
          [ -0.001, 0.001 ],
          [ 0, 0.008726646259971549 ]
        ]
      }
    }
  ],
  "obstacles": [
    {
      "ID": "obstacle-0",
      "name": null,
      "collision": [
        {
          "type": "box",
          "parameters": {
            "x": 0.25,
            "y": 0.25,
            "z": 0.25
          },
          "pose": [
            [ 1.0, 0.0, 0.0, -0.25 ],
            [ 0.0, 1.0, 0.0, 0.0 ],
            [ 0.0, 0.0, 1.0, 0.5 ],
            [ 0.0, 0.0, 0.0, 1.0 ]
          ]
        }
      ]
    },
    {
      "ID": "obstacle-1",
      "name": null,
      "collision": [
        {
          "type": "box",
          "parameters": {
            "x": 0.25,
            "y": 0.25,
            "z": 0.25
          },
          "pose": [
            [ 1.0, 0.0, 0.0, -0.5 ],
            [ 0.0, 1.0, 0.0, -0.5 ],
            [ 0.0, 0.0, 1.0, 0.25 ],
            [ 0.0, 0.0, 0.0, 1.0 ]
          ]
        }
      ]
    },
    {
      "ID": "obstacle-2",
      "name": null,
      "collision": [
        {
          "type": "box",
          "parameters": {
            "x": 0.25,
            "y": 0.25,
            "z": 0.25
          },
          "pose": [
            [ 1.0, 0.0, 0.0, -0.25 ],
            [ 0.0, 1.0, 0.0, 0.5 ],
            [ 0.0, 0.0, 1.0, 0.5 ],
            [ 0.0, 0.0, 0.0, 1.0 ]
          ]
        }
      ]
    }
  ],
  "goals": [
    {
      "ID": "goal-2",
      "type": "reach",
      "constraints": [],
      "goalPose": {
        "nominal": [
          [ 0.2679198861206427, -0.9409251600147214, 0.20707191473585485, -0.9640263828147251 ],
          [ -0.9529081131254341, -0.2271031911800448, 0.200973302942369, 0.13664152940553742 ],
          [ -0.14207414458946083, -0.2511652519898231, -0.9574606799404675, -0.340169930658351 ],
          [ 0.0, 0.0, 0.0, 1.0 ]
        ],
        "toleranceProjection": [
          "x",
          "y",
          "z",
          "Theta_R"
        ],
        "tolerance": [
          [ -0.001, 0.001 ],
          [ -0.001, 0.001 ],
          [ -0.001, 0.001 ],
          [ 0, 0.008726646259971549 ]
        ]
      }
    },
    {
      "ID": "goal-1",
      "type": "reach",
      "constraints": [],
      "goalPose": {
        "nominal": [
          [ 0.18172526476519096, 0.9692119720193312, 0.16614476049644228, -0.3119998534913837 ],
          [ -0.9754424399857496, 0.19905542254171565, -0.09428141402941595, 0.19069062667096515 ],
          [ -0.12445069071993276, -0.14493133564256544, 0.9815838902142768, -0.31618489454762 ],
          [ 0.0, 0.0, 0.0, 1.0 ]
        ],
        "toleranceProjection": [
          "x",
          "y",
          "z",
          "Theta_R"
        ],
        "tolerance": [
          [ -0.001, 0.001 ],
          [ -0.001, 0.001 ],
          [ -0.001, 0.001 ],
          [ 0, 0.008726646259971549 ]
        ]
      }
    },
    {
      "ID": "goal-0",
      "type": "reach",
      "constraints": [],
      "goalPose": {
        "nominal": [
          [ -0.9116588723211368, 0.3764263494862165, 0.1648675344955275, 0.9197296436695024 ],
          [ -0.1062933733305062, -0.6035318123762562, 0.7902221651129846, 0.9759330358304461 ],
          [ 0.3969632467926657, 0.7028887215358575, 0.5902267579782476, -0.17872493417014246 ],
          [ 0.0, 0.0, 0.0, 1.0 ]
        ],
        "toleranceProjection": [
          "x",
          "y",
          "z",
          "Theta_R"
        ],
        "tolerance": [
          [ -0.001, 0.001 ],
          [ -0.001, 0.001 ],
          [ -0.001, 0.001 ],
          [ 0, 0.008726646259971549 ]
        ]
      }
    }
  ]
}
