{
  "header": {
    "ID": "Whitman2020/with_torque/variable_base_xyz_any_rot/5g_5o/14",
    "version": "2022",
    "taskName": "randomName-3JZwvCRV6d8P",
    "tags": [
      "5 goals",
      "5 obstacles",
      "static torque",
      "Flexible base xyz",
      "Any base rotation",
      "hard",
      "base pose optimization 2024",
      "BPO24",
      "Whitman 2020"
    ],
    "date": "2023-02-26",
    "timeStepSize": 0.01,
    "gravity": [ 0.0, 0.0, -9.81 ],
    "author": [
      "auto-generated: Whitman2020TaskGenerator with seed None",
      "Matthias Mayer"
    ],
    "email": [
      "",
      "matthias.mayer@tum.de"
    ],
    "affiliation": [
      "",
      "Technical University of Munich"
    ]
  },
  "constraints": [
    {
      "type": "joint",
      "parts": [
        "tau"
      ]
    },
    {
      "type": "allGoalsFulfilled"
    },
    {
      "type": "joint",
      "parts": [
        "q"
      ]
    },
    {
      "type": "collisionFree"
    },
    {
      "type": "basePlacement",
      "pose": {
        "nominal": [
          [ 1.0, 0.0, 0.0, 0.0 ],
          [ 0.0, 1.0, 0.0, 0.0 ],
          [ 0.0, 0.0, 1.0, 0.0 ],
          [ 0.0, 0.0, 0.0, 1.0 ]
        ],
        "toleranceProjection": [
          "x",
          "y",
          "z"
        ],
        "tolerance": [
          [ -1.0, 1.0 ],
          [ -1.0, 1.0 ],
          [ -1.0, 1.0 ]
        ]
      }
    }
  ],
  "obstacles": [
    {
      "ID": "obstacle-2",
      "name": null,
      "collision": [
        {
          "type": "box",
          "parameters": {
            "x": 0.25,
            "y": 0.25,
            "z": 0.25
          },
          "pose": [
            [ 1.0, 0.0, 0.0, 0.25 ],
            [ 0.0, 1.0, 0.0, -0.5 ],
            [ 0.0, 0.0, 1.0, 0.0 ],
            [ 0.0, 0.0, 0.0, 1.0 ]
          ]
        }
      ]
    },
    {
      "ID": "obstacle-4",
      "name": null,
      "collision": [
        {
          "type": "box",
          "parameters": {
            "x": 0.25,
            "y": 0.25,
            "z": 0.25
          },
          "pose": [
            [ 1.0, 0.0, 0.0, -0.25 ],
            [ 0.0, 1.0, 0.0, 0.25 ],
            [ 0.0, 0.0, 1.0, 0.0 ],
            [ 0.0, 0.0, 0.0, 1.0 ]
          ]
        }
      ]
    },
    {
      "ID": "obstacle-1",
      "name": null,
      "collision": [
        {
          "type": "box",
          "parameters": {
            "x": 0.25,
            "y": 0.25,
            "z": 0.25
          },
          "pose": [
            [ 1.0, 0.0, 0.0, 0.0 ],
            [ 0.0, 1.0, 0.0, 0.0 ],
            [ 0.0, 0.0, 1.0, 0.25 ],
            [ 0.0, 0.0, 0.0, 1.0 ]
          ]
        }
      ]
    },
    {
      "ID": "obstacle-0",
      "name": null,
      "collision": [
        {
          "type": "box",
          "parameters": {
            "x": 0.25,
            "y": 0.25,
            "z": 0.25
          },
          "pose": [
            [ 1.0, 0.0, 0.0, -0.5 ],
            [ 0.0, 1.0, 0.0, 0.25 ],
            [ 0.0, 0.0, 1.0, 0.5 ],
            [ 0.0, 0.0, 0.0, 1.0 ]
          ]
        }
      ]
    },
    {
      "ID": "obstacle-3",
      "name": null,
      "collision": [
        {
          "type": "box",
          "parameters": {
            "x": 0.25,
            "y": 0.25,
            "z": 0.25
          },
          "pose": [
            [ 1.0, 0.0, 0.0, 0.0 ],
            [ 0.0, 1.0, 0.0, -0.5 ],
            [ 0.0, 0.0, 1.0, -0.5 ],
            [ 0.0, 0.0, 0.0, 1.0 ]
          ]
        }
      ]
    }
  ],
  "goals": [
    {
      "ID": "goal-4",
      "type": "reach",
      "constraints": [],
      "goalPose": {
        "nominal": [
          [ -0.40068283942111216, 0.8094325354021306, -0.4292694175292646, -0.06992760859340308 ],
          [ -0.8722881830495728, -0.4803466547365205, -0.0915446175124948, -0.06277136472036204 ],
          [ -0.28029732054643386, 0.33776628297672456, 0.898525097133395, -0.45614261864973327 ],
          [ 0.0, 0.0, 0.0, 1.0 ]
        ],
        "toleranceProjection": [
          "x",
          "y",
          "z",
          "Theta_R"
        ],
        "tolerance": [
          [ -0.001, 0.001 ],
          [ -0.001, 0.001 ],
          [ -0.001, 0.001 ],
          [ 0, 0.008726646259971549 ]
        ]
      }
    },
    {
      "ID": "goal-3",
      "type": "reach",
      "constraints": [],
      "goalPose": {
        "nominal": [
          [ 0.3724828206862314, 0.9253148946157179, 0.07105557047784042, 0.36882731343974506 ],
          [ 0.866406361231596, -0.3741617782932546, 0.33067050198324976, -0.6303293193845549 ],
          [ 0.3325606193027878, -0.06160608303351198, -0.9410675454090499, -0.9274206404001764 ],
          [ 0.0, 0.0, 0.0, 1.0 ]
        ],
        "toleranceProjection": [
          "x",
          "y",
          "z",
          "Theta_R"
        ],
        "tolerance": [
          [ -0.001, 0.001 ],
          [ -0.001, 0.001 ],
          [ -0.001, 0.001 ],
          [ 0, 0.008726646259971549 ]
        ]
      }
    },
    {
      "ID": "goal-2",
      "type": "reach",
      "constraints": [],
      "goalPose": {
        "nominal": [
          [ 0.52354498059257, -0.6649588820146354, 0.5326634383230857, 0.7815554587622033 ],
          [ 0.10965957998330766, -0.5674013706571446, -0.816106893178999, 0.35630369755939517 ],
          [ 0.8449114922962109, 0.4856803164698358, -0.22414102788099766, 0.6156492477584921 ],
          [ 0.0, 0.0, 0.0, 1.0 ]
        ],
        "toleranceProjection": [
          "x",
          "y",
          "z",
          "Theta_R"
        ],
        "tolerance": [
          [ -0.001, 0.001 ],
          [ -0.001, 0.001 ],
          [ -0.001, 0.001 ],
          [ 0, 0.008726646259971549 ]
        ]
      }
    },
    {
      "ID": "goal-1",
      "type": "reach",
      "constraints": [],
      "goalPose": {
        "nominal": [
          [ -0.5682930871882096, 0.546381878040984, 0.6152315095982176, -0.44935027386915216 ],
          [ -0.0025864262264923, -0.7488877835663402, 0.6626917820710241, 0.7719314920273508 ],
          [ 0.8228221420534753, 0.3750119077756091, 0.4270009268994965, -0.7200095219104894 ],
          [ 0.0, 0.0, 0.0, 1.0 ]
        ],
        "toleranceProjection": [
          "x",
          "y",
          "z",
          "Theta_R"
        ],
        "tolerance": [
          [ -0.001, 0.001 ],
          [ -0.001, 0.001 ],
          [ -0.001, 0.001 ],
          [ 0, 0.008726646259971549 ]
        ]
      }
    },
    {
      "ID": "goal-0",
      "type": "reach",
      "constraints": [],
      "goalPose": {
        "nominal": [
          [ 0.9296515124118243, 0.36220320270835527, -0.0675048547751759, 0.6900343227792303 ],
          [ -0.16153848495050252, 0.5653650299373951, 0.8088681603350354, 0.21069802264623205 ],
          [ 0.331139522483052, -0.7410608766300502, 0.5841022117557833, -0.9396104931198248 ],
          [ 0.0, 0.0, 0.0, 1.0 ]
        ],
        "toleranceProjection": [
          "x",
          "y",
          "z",
          "Theta_R"
        ],
        "tolerance": [
          [ -0.001, 0.001 ],
          [ -0.001, 0.001 ],
          [ -0.001, 0.001 ],
          [ 0, 0.008726646259971549 ]
        ]
      }
    }
  ]
}
