{
  "header": {
    "ID": "Whitman2020/with_torque/variable_base_xyz_any_rot/5g_5o/29",
    "version": "2022",
    "taskName": "randomName-eOq3Wr6FU1Tu",
    "tags": [
      "5 goals",
      "5 obstacles",
      "static torque",
      "Flexible base xyz",
      "Any base rotation",
      "hard",
      "base pose optimization 2024",
      "BPO24",
      "Whitman 2020"
    ],
    "date": "2023-02-26",
    "timeStepSize": 0.01,
    "gravity": [ 0.0, 0.0, -9.81 ],
    "author": [
      "auto-generated: Whitman2020TaskGenerator with seed None",
      "Matthias Mayer"
    ],
    "email": [
      "",
      "matthias.mayer@tum.de"
    ],
    "affiliation": [
      "",
      "Technical University of Munich"
    ]
  },
  "constraints": [
    {
      "type": "joint",
      "parts": [
        "tau"
      ]
    },
    {
      "type": "allGoalsFulfilled"
    },
    {
      "type": "joint",
      "parts": [
        "q"
      ]
    },
    {
      "type": "collisionFree"
    },
    {
      "type": "basePlacement",
      "pose": {
        "nominal": [
          [ 1.0, 0.0, 0.0, 0.0 ],
          [ 0.0, 1.0, 0.0, 0.0 ],
          [ 0.0, 0.0, 1.0, 0.0 ],
          [ 0.0, 0.0, 0.0, 1.0 ]
        ],
        "toleranceProjection": [
          "x",
          "y",
          "z"
        ],
        "tolerance": [
          [ -1.0, 1.0 ],
          [ -1.0, 1.0 ],
          [ -1.0, 1.0 ]
        ]
      }
    }
  ],
  "obstacles": [
    {
      "ID": "obstacle-1",
      "name": null,
      "collision": [
        {
          "type": "box",
          "parameters": {
            "x": 0.25,
            "y": 0.25,
            "z": 0.25
          },
          "pose": [
            [ 1.0, 0.0, 0.0, -0.25 ],
            [ 0.0, 1.0, 0.0, -0.5 ],
            [ 0.0, 0.0, 1.0, 0.5 ],
            [ 0.0, 0.0, 0.0, 1.0 ]
          ]
        }
      ]
    },
    {
      "ID": "obstacle-2",
      "name": null,
      "collision": [
        {
          "type": "box",
          "parameters": {
            "x": 0.25,
            "y": 0.25,
            "z": 0.25
          },
          "pose": [
            [ 1.0, 0.0, 0.0, 0.25 ],
            [ 0.0, 1.0, 0.0, 0.5 ],
            [ 0.0, 0.0, 1.0, 0.25 ],
            [ 0.0, 0.0, 0.0, 1.0 ]
          ]
        }
      ]
    },
    {
      "ID": "obstacle-4",
      "name": null,
      "collision": [
        {
          "type": "box",
          "parameters": {
            "x": 0.25,
            "y": 0.25,
            "z": 0.25
          },
          "pose": [
            [ 1.0, 0.0, 0.0, 0.5 ],
            [ 0.0, 1.0, 0.0, -0.25 ],
            [ 0.0, 0.0, 1.0, 0.0 ],
            [ 0.0, 0.0, 0.0, 1.0 ]
          ]
        }
      ]
    },
    {
      "ID": "obstacle-3",
      "name": null,
      "collision": [
        {
          "type": "box",
          "parameters": {
            "x": 0.25,
            "y": 0.25,
            "z": 0.25
          },
          "pose": [
            [ 1.0, 0.0, 0.0, 0.25 ],
            [ 0.0, 1.0, 0.0, 0.0 ],
            [ 0.0, 0.0, 1.0, 0.0 ],
            [ 0.0, 0.0, 0.0, 1.0 ]
          ]
        }
      ]
    },
    {
      "ID": "obstacle-0",
      "name": null,
      "collision": [
        {
          "type": "box",
          "parameters": {
            "x": 0.25,
            "y": 0.25,
            "z": 0.25
          },
          "pose": [
            [ 1.0, 0.0, 0.0, 0.5 ],
            [ 0.0, 1.0, 0.0, -0.5 ],
            [ 0.0, 0.0, 1.0, 0.25 ],
            [ 0.0, 0.0, 0.0, 1.0 ]
          ]
        }
      ]
    }
  ],
  "goals": [
    {
      "ID": "goal-4",
      "type": "reach",
      "constraints": [],
      "goalPose": {
        "nominal": [
          [ -0.5191592873101901, 0.8474155407139833, -0.1111779463562945, 0.8984585484482561 ],
          [ 0.7649550229757788, 0.4026914485863373, -0.5026762477575037, -0.06796817277774969 ],
          [ -0.3812052560284308, -0.3460151710429253, -0.8572957798708879, 0.08030268668395979 ],
          [ 0.0, 0.0, 0.0, 1.0 ]
        ],
        "toleranceProjection": [
          "x",
          "y",
          "z",
          "Theta_R"
        ],
        "tolerance": [
          [ -0.001, 0.001 ],
          [ -0.001, 0.001 ],
          [ -0.001, 0.001 ],
          [ 0, 0.008726646259971549 ]
        ]
      }
    },
    {
      "ID": "goal-3",
      "type": "reach",
      "constraints": [],
      "goalPose": {
        "nominal": [
          [ -0.8989980883468063, 0.17600507828088133, 0.40102948715540643, 0.38246728434603194 ],
          [ 0.06519196958657045, 0.9592701636147443, -0.2748649855837686, 0.03963954388042046 ],
          [ -0.43307325506224825, -0.22095919446332726, -0.8738561610081523, -0.8589894134254239 ],
          [ 0.0, 0.0, 0.0, 1.0 ]
        ],
        "toleranceProjection": [
          "x",
          "y",
          "z",
          "Theta_R"
        ],
        "tolerance": [
          [ -0.001, 0.001 ],
          [ -0.001, 0.001 ],
          [ -0.001, 0.001 ],
          [ 0, 0.008726646259971549 ]
        ]
      }
    },
    {
      "ID": "goal-2",
      "type": "reach",
      "constraints": [],
      "goalPose": {
        "nominal": [
          [ -0.17220523890219624, 0.9612939216476637, 0.21507987329802047, 0.1407680266431124 ],
          [ -0.9309567270666346, -0.230185865746311, 0.28343260140640236, 0.0452506190017965 ],
          [ 0.3219703837684714, -0.15142147606557116, 0.9345622550489114, -0.1622106106952692 ],
          [ 0.0, 0.0, 0.0, 1.0 ]
        ],
        "toleranceProjection": [
          "x",
          "y",
          "z",
          "Theta_R"
        ],
        "tolerance": [
          [ -0.001, 0.001 ],
          [ -0.001, 0.001 ],
          [ -0.001, 0.001 ],
          [ 0, 0.008726646259971549 ]
        ]
      }
    },
    {
      "ID": "goal-1",
      "type": "reach",
      "constraints": [],
      "goalPose": {
        "nominal": [
          [ 0.7364148501042702, 0.6763877905928474, 0.013882553181296664, -0.7020486793385374 ],
          [ -0.6112602824009722, 0.6740210225674398, -0.4147969723807377, -0.023345310944610453 ],
          [ -0.289920740384314, 0.29697679686142014, 0.9098080821914817, 0.2630383355137762 ],
          [ 0.0, 0.0, 0.0, 1.0 ]
        ],
        "toleranceProjection": [
          "x",
          "y",
          "z",
          "Theta_R"
        ],
        "tolerance": [
          [ -0.001, 0.001 ],
          [ -0.001, 0.001 ],
          [ -0.001, 0.001 ],
          [ 0, 0.008726646259971549 ]
        ]
      }
    },
    {
      "ID": "goal-0",
      "type": "reach",
      "constraints": [],
      "goalPose": {
        "nominal": [
          [ 0.8687264588370418, 0.11745795683992899, -0.48116314082797584, 0.014605604872496514 ],
          [ -0.12856538642054086, 0.9916510844979276, 0.009953292350808326, 0.23927332516452426 ],
          [ 0.4783150438058479, 0.05321423671418231, 0.8765745626470896, 0.5363679035124038 ],
          [ 0.0, 0.0, 0.0, 1.0 ]
        ],
        "toleranceProjection": [
          "x",
          "y",
          "z",
          "Theta_R"
        ],
        "tolerance": [
          [ -0.001, 0.001 ],
          [ -0.001, 0.001 ],
          [ -0.001, 0.001 ],
          [ 0, 0.008726646259971549 ]
        ]
      }
    }
  ]
}
