{
  "header": {
    "ID": "Whitman2020/with_torque/variable_base_xyz_any_rot/5g_5o/35",
    "version": "2022",
    "taskName": "randomName-jLNnJVWClERg",
    "tags": [
      "5 goals",
      "5 obstacles",
      "static torque",
      "Flexible base xyz",
      "Any base rotation",
      "hard",
      "base pose optimization 2024",
      "BPO24",
      "Whitman 2020"
    ],
    "date": "2023-02-26",
    "timeStepSize": 0.01,
    "gravity": [ 0.0, 0.0, -9.81 ],
    "author": [
      "auto-generated: Whitman2020TaskGenerator with seed None",
      "Matthias Mayer"
    ],
    "email": [
      "",
      "matthias.mayer@tum.de"
    ],
    "affiliation": [
      "",
      "Technical University of Munich"
    ]
  },
  "constraints": [
    {
      "type": "joint",
      "parts": [
        "tau"
      ]
    },
    {
      "type": "allGoalsFulfilled"
    },
    {
      "type": "joint",
      "parts": [
        "q"
      ]
    },
    {
      "type": "collisionFree"
    },
    {
      "type": "basePlacement",
      "pose": {
        "nominal": [
          [ 1.0, 0.0, 0.0, 0.0 ],
          [ 0.0, 1.0, 0.0, 0.0 ],
          [ 0.0, 0.0, 1.0, 0.0 ],
          [ 0.0, 0.0, 0.0, 1.0 ]
        ],
        "toleranceProjection": [
          "x",
          "y",
          "z"
        ],
        "tolerance": [
          [ -1.0, 1.0 ],
          [ -1.0, 1.0 ],
          [ -1.0, 1.0 ]
        ]
      }
    }
  ],
  "obstacles": [
    {
      "ID": "obstacle-3",
      "name": null,
      "collision": [
        {
          "type": "box",
          "parameters": {
            "x": 0.25,
            "y": 0.25,
            "z": 0.25
          },
          "pose": [
            [ 1.0, 0.0, 0.0, 0.0 ],
            [ 0.0, 1.0, 0.0, -0.25 ],
            [ 0.0, 0.0, 1.0, 0.0 ],
            [ 0.0, 0.0, 0.0, 1.0 ]
          ]
        }
      ]
    },
    {
      "ID": "obstacle-1",
      "name": null,
      "collision": [
        {
          "type": "box",
          "parameters": {
            "x": 0.25,
            "y": 0.25,
            "z": 0.25
          },
          "pose": [
            [ 1.0, 0.0, 0.0, -0.5 ],
            [ 0.0, 1.0, 0.0, 0.0 ],
            [ 0.0, 0.0, 1.0, 0.0 ],
            [ 0.0, 0.0, 0.0, 1.0 ]
          ]
        }
      ]
    },
    {
      "ID": "obstacle-0",
      "name": null,
      "collision": [
        {
          "type": "box",
          "parameters": {
            "x": 0.25,
            "y": 0.25,
            "z": 0.25
          },
          "pose": [
            [ 1.0, 0.0, 0.0, 0.25 ],
            [ 0.0, 1.0, 0.0, -0.25 ],
            [ 0.0, 0.0, 1.0, 0.5 ],
            [ 0.0, 0.0, 0.0, 1.0 ]
          ]
        }
      ]
    },
    {
      "ID": "obstacle-4",
      "name": null,
      "collision": [
        {
          "type": "box",
          "parameters": {
            "x": 0.25,
            "y": 0.25,
            "z": 0.25
          },
          "pose": [
            [ 1.0, 0.0, 0.0, 0.5 ],
            [ 0.0, 1.0, 0.0, -0.5 ],
            [ 0.0, 0.0, 1.0, -0.5 ],
            [ 0.0, 0.0, 0.0, 1.0 ]
          ]
        }
      ]
    },
    {
      "ID": "obstacle-2",
      "name": null,
      "collision": [
        {
          "type": "box",
          "parameters": {
            "x": 0.25,
            "y": 0.25,
            "z": 0.25
          },
          "pose": [
            [ 1.0, 0.0, 0.0, -0.5 ],
            [ 0.0, 1.0, 0.0, 0.5 ],
            [ 0.0, 0.0, 1.0, 0.5 ],
            [ 0.0, 0.0, 0.0, 1.0 ]
          ]
        }
      ]
    }
  ],
  "goals": [
    {
      "ID": "goal-4",
      "type": "reach",
      "constraints": [],
      "goalPose": {
        "nominal": [
          [ -0.26872633397957935, -0.1608850597041565, 0.9496852926048112, 0.601413776866548 ],
          [ -0.9180799130239699, -0.2554989358027957, -0.303066935025151, 0.8332085864873098 ],
          [ 0.291402523543973, -0.9533290572345046, -0.07904604926607904, -0.8620887720906987 ],
          [ 0.0, 0.0, 0.0, 1.0 ]
        ],
        "toleranceProjection": [
          "x",
          "y",
          "z",
          "Theta_R"
        ],
        "tolerance": [
          [ -0.001, 0.001 ],
          [ -0.001, 0.001 ],
          [ -0.001, 0.001 ],
          [ 0, 0.008726646259971549 ]
        ]
      }
    },
    {
      "ID": "goal-3",
      "type": "reach",
      "constraints": [],
      "goalPose": {
        "nominal": [
          [ -0.48978292450354854, 0.5396544543119433, 0.6847523324575316, 0.39217281714736707 ],
          [ 0.7988983372409113, 0.5922936845098576, 0.10464051817266673, 0.7617464159501584 ],
          [ -0.349104760234601, 0.5982986388343332, -0.721224379198683, 0.9562864155279098 ],
          [ 0.0, 0.0, 0.0, 1.0 ]
        ],
        "toleranceProjection": [
          "x",
          "y",
          "z",
          "Theta_R"
        ],
        "tolerance": [
          [ -0.001, 0.001 ],
          [ -0.001, 0.001 ],
          [ -0.001, 0.001 ],
          [ 0, 0.008726646259971549 ]
        ]
      }
    },
    {
      "ID": "goal-2",
      "type": "reach",
      "constraints": [],
      "goalPose": {
        "nominal": [
          [ -0.3185368572481166, 0.1910111517593434, -0.9284659447055997, 0.7972880724563896 ],
          [ -0.7116090597465154, 0.5988900937229757, 0.36734616062668374, 0.20703452942542921 ],
          [ 0.6262162698790036, 0.7777180694467978, -0.05484330218698136, 0.17649190940126225 ],
          [ 0.0, 0.0, 0.0, 1.0 ]
        ],
        "toleranceProjection": [
          "x",
          "y",
          "z",
          "Theta_R"
        ],
        "tolerance": [
          [ -0.001, 0.001 ],
          [ -0.001, 0.001 ],
          [ -0.001, 0.001 ],
          [ 0, 0.008726646259971549 ]
        ]
      }
    },
    {
      "ID": "goal-1",
      "type": "reach",
      "constraints": [],
      "goalPose": {
        "nominal": [
          [ -0.10724705607459317, -0.984822165726058, 0.1364674717944521, -0.09528681111910053 ],
          [ -0.8694016936153087, 0.15948179330138368, 0.4676604032246127, 0.03716257299700665 ],
          [ -0.48232640825706996, -0.06848984961299914, -0.8733100116212014, -0.08548615670380721 ],
          [ 0.0, 0.0, 0.0, 1.0 ]
        ],
        "toleranceProjection": [
          "x",
          "y",
          "z",
          "Theta_R"
        ],
        "tolerance": [
          [ -0.001, 0.001 ],
          [ -0.001, 0.001 ],
          [ -0.001, 0.001 ],
          [ 0, 0.008726646259971549 ]
        ]
      }
    },
    {
      "ID": "goal-0",
      "type": "reach",
      "constraints": [],
      "goalPose": {
        "nominal": [
          [ 0.6592249819327743, 0.28210831543486203, 0.6970203164601714, 0.8134967041223984 ],
          [ -0.7033754461600918, 0.559092832229593, 0.4389512349778545, 0.7402507165579677 ],
          [ -0.2658672693936297, -0.7796345960204666, 0.5669960244597653, -0.6013768423752388 ],
          [ 0.0, 0.0, 0.0, 1.0 ]
        ],
        "toleranceProjection": [
          "x",
          "y",
          "z",
          "Theta_R"
        ],
        "tolerance": [
          [ -0.001, 0.001 ],
          [ -0.001, 0.001 ],
          [ -0.001, 0.001 ],
          [ 0, 0.008726646259971549 ]
        ]
      }
    }
  ]
}
