{
  "header": {
    "ID": "Whitman2020/with_torque/variable_base_xyz_any_rot/5g_5o/66",
    "version": "2022",
    "taskName": "randomName-kI87aMucrxBH",
    "tags": [
      "5 goals",
      "5 obstacles",
      "static torque",
      "Flexible base xyz",
      "Any base rotation",
      "hard",
      "base pose optimization 2024",
      "BPO24",
      "Whitman 2020"
    ],
    "date": "2023-02-26",
    "timeStepSize": 0.01,
    "gravity": [ 0.0, 0.0, -9.81 ],
    "author": [
      "auto-generated: Whitman2020TaskGenerator with seed None",
      "Matthias Mayer"
    ],
    "email": [
      "",
      "matthias.mayer@tum.de"
    ],
    "affiliation": [
      "",
      "Technical University of Munich"
    ]
  },
  "constraints": [
    {
      "type": "joint",
      "parts": [
        "tau"
      ]
    },
    {
      "type": "allGoalsFulfilled"
    },
    {
      "type": "joint",
      "parts": [
        "q"
      ]
    },
    {
      "type": "collisionFree"
    },
    {
      "type": "basePlacement",
      "pose": {
        "nominal": [
          [ 1.0, 0.0, 0.0, 0.0 ],
          [ 0.0, 1.0, 0.0, 0.0 ],
          [ 0.0, 0.0, 1.0, 0.0 ],
          [ 0.0, 0.0, 0.0, 1.0 ]
        ],
        "toleranceProjection": [
          "x",
          "y",
          "z"
        ],
        "tolerance": [
          [ -1.0, 1.0 ],
          [ -1.0, 1.0 ],
          [ -1.0, 1.0 ]
        ]
      }
    }
  ],
  "obstacles": [
    {
      "ID": "obstacle-4",
      "name": null,
      "collision": [
        {
          "type": "box",
          "parameters": {
            "x": 0.25,
            "y": 0.25,
            "z": 0.25
          },
          "pose": [
            [ 1.0, 0.0, 0.0, 0.25 ],
            [ 0.0, 1.0, 0.0, 0.5 ],
            [ 0.0, 0.0, 1.0, 0.25 ],
            [ 0.0, 0.0, 0.0, 1.0 ]
          ]
        }
      ]
    },
    {
      "ID": "obstacle-2",
      "name": null,
      "collision": [
        {
          "type": "box",
          "parameters": {
            "x": 0.25,
            "y": 0.25,
            "z": 0.25
          },
          "pose": [
            [ 1.0, 0.0, 0.0, -0.5 ],
            [ 0.0, 1.0, 0.0, -0.25 ],
            [ 0.0, 0.0, 1.0, 0.5 ],
            [ 0.0, 0.0, 0.0, 1.0 ]
          ]
        }
      ]
    },
    {
      "ID": "obstacle-3",
      "name": null,
      "collision": [
        {
          "type": "box",
          "parameters": {
            "x": 0.25,
            "y": 0.25,
            "z": 0.25
          },
          "pose": [
            [ 1.0, 0.0, 0.0, -0.25 ],
            [ 0.0, 1.0, 0.0, 0.0 ],
            [ 0.0, 0.0, 1.0, -0.5 ],
            [ 0.0, 0.0, 0.0, 1.0 ]
          ]
        }
      ]
    },
    {
      "ID": "obstacle-0",
      "name": null,
      "collision": [
        {
          "type": "box",
          "parameters": {
            "x": 0.25,
            "y": 0.25,
            "z": 0.25
          },
          "pose": [
            [ 1.0, 0.0, 0.0, -0.5 ],
            [ 0.0, 1.0, 0.0, 0.25 ],
            [ 0.0, 0.0, 1.0, -0.5 ],
            [ 0.0, 0.0, 0.0, 1.0 ]
          ]
        }
      ]
    },
    {
      "ID": "obstacle-1",
      "name": null,
      "collision": [
        {
          "type": "box",
          "parameters": {
            "x": 0.25,
            "y": 0.25,
            "z": 0.25
          },
          "pose": [
            [ 1.0, 0.0, 0.0, -0.25 ],
            [ 0.0, 1.0, 0.0, 0.25 ],
            [ 0.0, 0.0, 1.0, 0.25 ],
            [ 0.0, 0.0, 0.0, 1.0 ]
          ]
        }
      ]
    }
  ],
  "goals": [
    {
      "ID": "goal-4",
      "type": "reach",
      "constraints": [],
      "goalPose": {
        "nominal": [
          [ 0.4606092322107901, 0.06732233982976948, -0.8850462348160302, -0.5662497971504115 ],
          [ 0.7451075582799069, 0.5125281898267269, 0.42676642467173265, 0.8296044722216154 ],
          [ 0.4823420589129062, -0.8560271941899882, 0.18591283175422502, 0.24304697952543153 ],
          [ 0.0, 0.0, 0.0, 1.0 ]
        ],
        "toleranceProjection": [
          "x",
          "y",
          "z",
          "Theta_R"
        ],
        "tolerance": [
          [ -0.001, 0.001 ],
          [ -0.001, 0.001 ],
          [ -0.001, 0.001 ],
          [ 0, 0.008726646259971549 ]
        ]
      }
    },
    {
      "ID": "goal-3",
      "type": "reach",
      "constraints": [],
      "goalPose": {
        "nominal": [
          [ -0.46705598213616567, -0.41324163315099366, -0.78172249691404, -0.5386662538002689 ],
          [ -0.29896735482159104, 0.9058092556430521, -0.30021344597196287, -0.8288566333837328 ],
          [ 0.8321521677564764, 0.09349302124800203, -0.546609389487702, -0.17038998767838764 ],
          [ 0.0, 0.0, 0.0, 1.0 ]
        ],
        "toleranceProjection": [
          "x",
          "y",
          "z",
          "Theta_R"
        ],
        "tolerance": [
          [ -0.001, 0.001 ],
          [ -0.001, 0.001 ],
          [ -0.001, 0.001 ],
          [ 0, 0.008726646259971549 ]
        ]
      }
    },
    {
      "ID": "goal-2",
      "type": "reach",
      "constraints": [],
      "goalPose": {
        "nominal": [
          [ 0.8263692308025675, -0.07277251277176887, 0.5584067117860028, -0.6335918159247711 ],
          [ -0.320924363584193, -0.8756866372418807, 0.3608053023641528, -0.35316533725488997 ],
          [ 0.4627325871827635, -0.4773647187852175, -0.7469949651893623, 0.7866073877220316 ],
          [ 0.0, 0.0, 0.0, 1.0 ]
        ],
        "toleranceProjection": [
          "x",
          "y",
          "z",
          "Theta_R"
        ],
        "tolerance": [
          [ -0.001, 0.001 ],
          [ -0.001, 0.001 ],
          [ -0.001, 0.001 ],
          [ 0, 0.008726646259971549 ]
        ]
      }
    },
    {
      "ID": "goal-1",
      "type": "reach",
      "constraints": [],
      "goalPose": {
        "nominal": [
          [ 0.6447804354066409, 0.534369827899329, 0.5465410114050584, -0.9293193591552875 ],
          [ 0.14007985187531877, -0.7855224320574918, 0.6027703906406418, 0.5005715299265872 ],
          [ 0.7514225344075138, -0.3120951710060965, -0.5813439421024906, 0.01265543080901943 ],
          [ 0.0, 0.0, 0.0, 1.0 ]
        ],
        "toleranceProjection": [
          "x",
          "y",
          "z",
          "Theta_R"
        ],
        "tolerance": [
          [ -0.001, 0.001 ],
          [ -0.001, 0.001 ],
          [ -0.001, 0.001 ],
          [ 0, 0.008726646259971549 ]
        ]
      }
    },
    {
      "ID": "goal-0",
      "type": "reach",
      "constraints": [],
      "goalPose": {
        "nominal": [
          [ -0.6665161733114675, -0.5555560547695886, 0.49710528132689147, 0.5454694824224917 ],
          [ 0.6821819467872736, -0.18560979636055067, 0.7072317830616216, -0.8390459570589255 ],
          [ -0.30063928916853744, 0.810497670264292, 0.50270224219153, -0.47403134049293016 ],
          [ 0.0, 0.0, 0.0, 1.0 ]
        ],
        "toleranceProjection": [
          "x",
          "y",
          "z",
          "Theta_R"
        ],
        "tolerance": [
          [ -0.001, 0.001 ],
          [ -0.001, 0.001 ],
          [ -0.001, 0.001 ],
          [ 0, 0.008726646259971549 ]
        ]
      }
    }
  ]
}
